0.000000000000000000e+00 0.000000000000000000e+00 0.000000000000000000e+00 0.000000000000000000e+00 0.000000000000000000e+00 0.000000000000000000e+00 0.000000000000000000e+00 0.000000000000000000e+00 0.000000000000000000e+00 0.000000000000000000e+00
0.000000000000000000e+00 1.473684210526315930e-02 1.507368421052631552e-02 1.701052631578947247e-02 2.109473684210526334e-02 2.183157894736842061e-02 1.785263157894736649e-02 2.166315789473684250e-02 2.189473684210526197e-02 2.322105263157894783e-02
0.000000000000000000e+00 2.484210526315789452e-02 3.549473684210526642e-02 4.440000000000000197e-02 3.995789473684210197e-02 5.545263157894736450e-02 6.589473684210525595e-02 5.875789473684210618e-02 7.915789473684210764e-02 6.572631578947368824e-02
0.000000000000000000e+00 2.928421052631579105e-02 5.189473684210525739e-02 6.888421052631579777e-02 1.002315789473684216e-01 1.217894736842105169e-01 1.426736842105263137e-01 1.508842105263157873e-01 1.699368421052631639e-01 1.707157894736842096e-01
0.000000000000000000e+00 3.414736842105262765e-02 7.774736842105263446e-02 1.241473684210526313e-01 1.791578947368420993e-01 1.839368421052631764e-01 2.234105263157894483e-01 2.464842105263158056e-01 2.614105263157894821e-01 2.691578947368421515e-01
0.000000000000000000e+00 4.120000000000000051e-02 1.138105263157894731e-01 1.821052631578947423e-01 2.078105263157894456e-01 2.570736842105263431e-01 2.975789473684210540e-01 3.136210526315789671e-01 3.069473684210526354e-01 3.334736842105263110e-01
0.000000000000000000e+00 5.183157894736841603e-02 1.322526315789473716e-01 2.099368421052631717e-01 2.563789473684210396e-01 2.945684210526315905e-01 3.147368421052631482e-01 3.484210526315789647e-01 3.559999999999999831e-01 3.682736842105263086e-01
0.000000000000000000e+00 5.202105263157894705e-02 1.628631578947368208e-01 2.292842105263157848e-01 2.905052631578947664e-01 3.240631578947368308e-01 3.564421052631578934e-01 3.818105263157894336e-01 3.929052631578947574e-01 4.095157894736842219e-01
0.000000000000000000e+00 6.791578947368420716e-02 1.618526315789473868e-01 2.420842105263157906e-01 3.042947368421052290e-01 3.491578947368421115e-01 3.744000000000000106e-01 3.989684210526315833e-01 4.132631578947368323e-01 4.317473684210526574e-01
0.000000000000000000e+00 6.686315789473684656e-02 1.859789473684210770e-01 2.649684210526315753e-01 3.146736842105263277e-01 3.547789473684210271e-01 3.897473684210526201e-01 4.158315789473684410e-01 4.363157894736842679e-01 4.551999999999999935e-01
