3.672132963988918863e-01 4.610725761772853648e-01 4.507146814404431323e-01 4.700631578947368494e-01 4.297817174515233818e-01 2.992354570637119626e-01 3.374337950138504016e-01 3.954060941828256293e-01 3.420587257617727639e-01 3.030891966759002298e-01
8.461562326869803696e-01 1.114324653739612314e+00 1.089653185595567564e+00 1.324850969529085765e+00 1.246563988919667354e+00 1.653697506925207561e+00 1.557910249307479011e+00 1.603410526315789397e+00 1.814162880886426965e+00 1.690335734072021978e+00
1.021263157894736873e+00 2.251909141274238024e+00 1.767406094182825127e+00 2.581613296398892476e+00 3.021535734072022361e+00 2.296644875346260051e+00 1.777229916897506756e+00 3.597187811634349863e+00 3.563993351800553544e+00 3.060498614958448105e+00
1.421493628808864207e+00 2.214798891966759165e+00 2.326495290858725973e+00 2.102424376731301781e+00 1.963135734072022132e+00 2.629110249307479386e+00 2.203869252077562457e+00 2.524653739612188752e-01 7.521263157894736429e-01 4.862138504155124052e-01
1.832977285318559746e+00 2.968514127423822924e+00 2.553150138504154398e+00 1.877229916897506401e+00 5.325207756232687162e-01 7.003567867036011307e-01 6.978725761772853753e-01 2.151778393351800323e-01 3.641684210526315857e-01 1.825085872576177326e-01
1.694840997229916990e+00 4.094450969529084716e+00 5.961927977839335258e-01 3.826681440443213678e-01 6.809617728531854874e-01 2.480443213296399385e-01 3.228986149584487375e-01 2.693429362880886968e-01 2.678049861495844786e-01 2.297883656509695227e-01
2.116403324099723093e+00 3.732977285318558991e+00 4.581916897506925213e-01 4.989052631578947405e-01 3.053473684210526451e-01 3.121795013850415801e-01 2.991933518005540082e-01 3.843080332409972710e-01 3.670936288088643140e-01 2.152155124653740148e-01
1.735219944598338504e+00 2.914982825484764728e+00 4.183401662049861525e-01 2.979324099722991392e-01 2.621628808864265303e-01 4.511711911357340621e-01 2.445141274238227247e-01 5.477163434903047357e-01 3.877163434903047046e-01 2.862670360110803336e-01
1.799126869806094264e+00 3.449136842105263501e+00 2.041307479224376387e+00 6.375180055401660217e-01 4.389473684210526971e-01 4.827102493074792444e-01 2.490903047091413136e-01 1.473617728531855797e-01 3.548144044321329127e-01 1.438559556786703497e-01
2.376802216066482121e+00 3.222914127423822883e+00 5.272376731301938735e-01 6.756321329639889406e-01 4.152975069252077267e-01 2.980565096952908499e-01 2.891479224376731216e-01 2.385883656509695250e-01 1.406891966759002688e-01 3.946637119113572956e-01
